sort 9823 87237 9027  7927 9027 907 9027 90279 0 7290 78902 9780 28970 07892 7892 790 7092 7902 790 98027 89072 8907 89702 89702 8907 8902 89072 9807 98072 97802 98079 802 9809 29


celean iei ie noie ino inoe nioe  8h29 h89289 89298 289 298 98 289  2
      hn 82388 2 89298 9 829 8289 28 989 289 298 289  98298 928 9 829 299 
      hn 9823 89 9289 298 29 898 29 8298 289  89289 28 9289  289 89289 98
      ai
         gen 
             string 
                    code 
                         matchbox
                                 20 
                                   desire
                                          luck
                                               found
                                                    
